n_betas, error, times 
(SCIKIT_LASSO)
[51.0, 44.0, 28.0, 24.0, 21.0, 16.0, 11.0, 9.0, 9.0, 8.0, 8.0, 7.0, 6.0, 5.0, 4.0, 3.0, 3.0, 1.0, 1.0, 1.0, 1.0, 1.0, 0.0, 0.0, 0.0, 0.0, 0.0, 0.0, 0.0, 0.0, 0.0, 0.0, 0.0, 0.0, 0.0, 0.0, 0.0, 0.0, 0.0, 0.0, 0.0, 0.0, 0.0, 0.0, 0.0, 0.0, 0.0, 0.0, 0.0, 0.0, 0.0]
[5331231.883922325, 5330338.598766765, 5328186.741158055, 5325662.107418182, 5324888.500596716, 5327816.760502882, 5316464.892670902, 5305124.436139403, 5283165.96885045, 5240562.80417754, 5161458.426837256, 5032513.124411395, 4897650.88587752, 5053450.953119373, 6882479.542182459, 7997745.931203423, 8117938.798542266, 8357618.538993907, 8365855.79622941, 8385548.19050795, 8437682.448589874, 8592056.597433101, 8634622.097893607, 8635816.940013517, 8638247.525300074, 8643241.873185094, 8653704.220793964, 8676411.753216598, 8728710.659778478, 8860104.22968756, 9113071.40495096, 9113141.071684718, 9113281.380861733, 9113564.038534999, 9114133.762990143, 9115283.317454498, 9117607.748457227, 9122327.737092584, 9131992.358291551, 9152102.198548127, 9195208.798560794, 9292429.88276902, 9528857.823228259, 9691819.94107835, 9691819.94107835, 9691819.94107835, 9691819.94107835, 9691819.94107835, 9691819.94107835, 9691819.94107835, 9691819.94107835]
[10.896425049702327, 5.243260782559712, 1.94706321756045, 1.5214170702298484, 0.5393194464842479, 0.4939808368682862, 0.17982067902882895, 0.18002184271812438, 0.1516317363580068, 0.08013434569040934, 0.08680359482765196, 0.05686079541842143, 0.03910341580708821, 0.01690521518389384, 0.02536318302154541, 0.01378099282582601, 0.025406763950983687, 0.00849709391593933, 0.008645415306091309, 0.008940237363179523, 0.008256047169367472, 0.004545085032780965, 0.003192019065221151, 0.003263119061787923, 0.003614482084910075, 0.0036915548642476406, 0.0033009489377339683, 0.003360893726348877, 0.003650999069213867, 0.0037903587023417154, 0.0019915485382080078, 0.0016918476422627768, 0.0017452593644460043, 0.0016688446203867596, 0.0017412984371185305, 0.001632824738820394, 0.0016446812947591145, 0.0015779550870259605, 0.0016137178738911948, 0.0016127045949300132, 0.0016957688331604003, 0.0016442314783732092, 0.0016368885835011799, 0.0015095134576161703, 0.0015358630816141763, 0.0015764009952545168, 0.0015709074338277184, 0.0015095376968383791, 0.0015584778785705565, 0.001583379109700521, 0.0015390721956888836]

(L_LASSO MOSEK)
[51.0, 44.0, 27.0, 24.0, 22.0, 16.0, 10.0, 9.0, 9.0, 8.0, 8.0, 6.0, 6.0, 5.0, 3.0, 3.0]
[2142.397431844468, 3031.4793734147815, 4240.695902742735, 5222.840640923261, 7280.636748533568, 9808.417013235201, 12139.49453062819, 12992.24575181646, 13136.817693126306, 13707.620285100431, 15859.300104237618, 22708.06303413142, 40055.623824878785, 76289.66888187933, 149422.18472735994, 149942.02770688554]
[0.4489594956239064, 0.46877546469370523, 0.7232081190745036, 0.6482047824064889, 0.5104939540227253, 0.44469936291376755, 0.4509389205773672, 0.4515752788384756, 0.42519657572110486, 0.4539235691229503, 0.49643919507662454, 0.47841236114501956, 0.41525033871332806, 0.5826883363723756, 0.5757466006278992, 0.5423697908719379]
